k=1.38064852e-23
Tr=300
m=6.6335209e-26
n=10000000
size=1e-6
beta=0.6
gridX=1
gridY=1
gridZ=1
depletingFraction=0.2
deltaT=0.1
velocityGridSide=11
maxSteps=10
